4294967279,105
4294967279,104
4294967279,109
4294967279,108
4294967279,107
4294967279,106
4294967279,566
4294967279,122
4294967279,121
4294967279,120
4294967279,119
4294967279,118
4294967279,117
4294967279,116
4294967279,115
4294967279,114
4294967279,113
4294967279,112
4294967279,111
4294967279,110
4294967278,373
4294967279,297
4294967278,309
4294967279,296
4294967278,175
4294967278,173
4294967279,294
4294967279,171
4294967279,170
4294967278,169
4294967279,169
4294967279,565
4294967278,168
4294967278,372
4294967279,168
4294967278,167
4294967278,166
4294967279,166
4294967279,163
4294967278,165
58,6
4294967279,165
58,5
4294967278,164
58,4
4294967279,164
58,3
58,2
58,1
4294967279,564
4294967278,163
4294967278,5
4294967278,4
4294967279,132
4294967279,131
4294967279,130
4294967279,129
4294967279,128
4294967279,127
4294967279,126
4294967279,125
4294967279,124
4294967279,123
4294967279,291
4294967278,302
4294967279,563
4294967278,371
4294967279,524
4294967278,334
4294967278,156
4294967279,155
4294967279,152
4294967278,155
4294967279,154
4294967278,154
4294967279,153
4294967279,562
4294967278,153
4294967278,299
4294967278,21
4294967278,20
4294967278,19
4294967278,18
4294967278,17
4294967278,16
4294967278,15
4294967278,14
4294967278,13
4294967278,12
4294967278,11
4294967278,10
4294967278,9
4294967278,8
4294967278,7
4294967278,6
4294967279,174
4294967279,260
4294967294,1420
4294967294,1419
4294967294,2
4294967279,150
4294967278,150
4294967278,147
4294967279,149
4294967278,149
4294967279,148
4294967278,148
4294967279,147
4294967278,332
4294967278,145
4294967279,144
4294967279,141
4294967278,144
4294967279,143
4294967278,143
4294967279,142
4294967279,284
4294967278,142
4294967278,41
4294967278,40
4294967278,39
4294967278,38
4294967278,37
4294967278,36
4294967278,35
4294967278,34
4294967278,33
4294967278,32
4294967278,31
4294967278,30
4294967278,28
4294967278,27
4294967278,26
4294967278,25
4294967278,331
4294967278,23
4294967278,22
4294967278,29
4294967278,293
4294967279,520
4294967278,24
4294967278,136
4294967279,139
4294967278,139
4294967294,94
4294967294,96
4294967279,138
4294967278,138
4294967279,272
4294967279,136
4294967294,8
0,7
4294967279,133
4294967294,5
4294967294,22
4294967294,99
4294967294,904
4294967294,186
4294967294,424
4294967294,0
4294967294,1418
4294967294,903
4294967294,9
4294967294,107
4294967294,413
4294967294,1
4294967279,271
4294967294,91
4294967294,90
4294967294,87
4294967294,86
4294967294,85
4294967294,84
4294967294,921
4294967294,949
4294967294,29
4294967294,950
4294967294,28
4294967294,920
4294967294,27
4294967294,53
4294967294,1417
4294967294,45
4294967294,427
4294967294,44
4294967294,42
4294967294,40
4294967294,39
4294967294,38
4294967294,37
4294967294,36
4294967279,268
4294967279,269
4294967278,43
4294967278,42
4294967279,267
4294967279,266
4294967278,44
4294967278,45
4294967279,278
4294967278,47
4294967278,46
4294967279,280
4294967294,469
20,4
4294967278,49
4294967278,48
4294967279,273
4294967279,276
4294967279,262
4294967278,50
4294967279,518
4294967279,259
4294967279,257
4294967279,274
4294967278,52
4294967278,51
4294967279,561
4294967278,370
4294967279,281
4294967278,258
4294967278,369
4294967278,53
4294967278,368
4294967278,328
4294967278,54
4294967279,67
4294967279,66
4294967279,65
4294967279,64
4294967279,62
4294967279,60
4294967279,58
4294967278,367
4294967278,0
4294967279,560
4294967279,0
4294967278,255
4294967278,325
4294967294,46
4294967278,254
4294967278,324
4294967278,253
4294967278,250
4294967278,248
4294967278,246
4294967278,244
4294967278,242
4294967279,55
4294967279,53
4294967279,51
4294967279,49
4294967279,48
4294967279,47
4294967279,46
4294967279,45
4294967279,44
4294967279,43
4294967279,42
4294967279,41
4294967278,241
4294967294,97
4294967294,104
4294967294,106
4294967294,166
4294967294,24
4294967294,189
4294967294,184
4294967294,384
4294967294,1413
4294967278,238
4294967278,323
4294967278,322
4294967279,38
4294967279,37
4294967279,36
4294967279,35
4294967278,235
4294967294,30
4294967278,233
4294967278,231
4294967278,228
4294967279,33
4294967279,31
4294967279,30
4294967279,29
4294967279,28
4294967279,27
4294967294,75
4294967294,18
4294967294,14
4294967294,20
4294967278,226
4294967278,225
4294967279,26
4294967279,25
4294967279,22
4294967279,21
4294967279,20
4294967279,18
4294967279,17
4294967279,13
4294967279,12
4294967279,11
4294967279,10
4294967278,223
4294967294,7
4294967278,220
4294967294,1416
4294967294,417
4294967294,970
4294967294,967
4294967294,960
4294967294,918
4294967294,917
4294967294,910
4294967294,901
4294967294,898
4294967294,421
4294967294,185
4294967294,182
4294967294,176
4294967294,173
4294967294,170
4294967294,161
4294967294,82
4294967294,92
4294967294,88
4294967294,12
4294967294,1414
4294967278,132
